[numOfParticles] = 128
[sizeOfBox] = 12
[potentialFlag] = 2

[totalNumOfCycles] = 10000

[lamda] = 0
[sigma] = 3.54
[epsilon] = 1.625e-21
[rcut] = 0

[particlePositionProvided] = 0

[Initial Particle Location]
0, 0, 0
0, 0, 2.381101577952299
0, 0, 4.762203155904599
0, 0, 7.143304733856898
0, 0, 9.524406311809198
0, 0, 11.9055078897615
0, 2.381101577952299, 0
0, 2.381101577952299, 2.381101577952299
0, 2.381101577952299, 4.762203155904599
0, 2.381101577952299, 7.143304733856898
0, 2.381101577952299, 9.524406311809198
0, 2.381101577952299, 11.9055078897615
0, 4.762203155904599, 0
0, 4.762203155904599, 2.381101577952299
0, 4.762203155904599, 4.762203155904599
0, 4.762203155904599, 7.143304733856898
0, 4.762203155904599, 9.524406311809198
0, 4.762203155904599, 11.9055078897615
0, 7.143304733856898, 0
0, 7.143304733856898, 2.381101577952299
0, 7.143304733856898, 4.762203155904599
0, 7.143304733856898, 7.143304733856898
0, 7.143304733856898, 9.524406311809198
0, 7.143304733856898, 11.9055078897615
0, 9.524406311809198, 0
0, 9.524406311809198, 2.381101577952299
0, 9.524406311809198, 4.762203155904599
0, 9.524406311809198, 7.143304733856898
0, 9.524406311809198, 9.524406311809198
0, 9.524406311809198, 11.9055078897615
0, 11.9055078897615, 0
0, 11.9055078897615, 2.381101577952299
0, 11.9055078897615, 4.762203155904599
0, 11.9055078897615, 7.143304733856898
0, 11.9055078897615, 9.524406311809198
0, 11.9055078897615, 11.9055078897615
2.381101577952299, 0, 0
2.381101577952299, 0, 2.381101577952299
2.381101577952299, 0, 4.762203155904599
2.381101577952299, 0, 7.143304733856898
2.381101577952299, 0, 9.524406311809198
2.381101577952299, 0, 11.9055078897615
2.381101577952299, 2.381101577952299, 0
2.381101577952299, 2.381101577952299, 2.381101577952299
2.381101577952299, 2.381101577952299, 4.762203155904599
2.381101577952299, 2.381101577952299, 7.143304733856898
2.381101577952299, 2.381101577952299, 9.524406311809198
2.381101577952299, 2.381101577952299, 11.9055078897615
2.381101577952299, 4.762203155904599, 0
2.381101577952299, 4.762203155904599, 2.381101577952299
2.381101577952299, 4.762203155904599, 4.762203155904599
2.381101577952299, 4.762203155904599, 7.143304733856898
2.381101577952299, 4.762203155904599, 9.524406311809198
2.381101577952299, 4.762203155904599, 11.9055078897615
2.381101577952299, 7.143304733856898, 0
2.381101577952299, 7.143304733856898, 2.381101577952299
2.381101577952299, 7.143304733856898, 4.762203155904599
2.381101577952299, 7.143304733856898, 7.143304733856898
2.381101577952299, 7.143304733856898, 9.524406311809198
2.381101577952299, 7.143304733856898, 11.9055078897615
2.381101577952299, 9.524406311809198, 0
2.381101577952299, 9.524406311809198, 2.381101577952299
2.381101577952299, 9.524406311809198, 4.762203155904599
2.381101577952299, 9.524406311809198, 7.143304733856898
2.381101577952299, 9.524406311809198, 9.524406311809198
2.381101577952299, 9.524406311809198, 11.9055078897615
2.381101577952299, 11.9055078897615, 0
2.381101577952299, 11.9055078897615, 2.381101577952299
2.381101577952299, 11.9055078897615, 4.762203155904599
2.381101577952299, 11.9055078897615, 7.143304733856898
2.381101577952299, 11.9055078897615, 9.524406311809198
2.381101577952299, 11.9055078897615, 11.9055078897615
4.762203155904599, 0, 0
4.762203155904599, 0, 2.381101577952299
4.762203155904599, 0, 4.762203155904599
4.762203155904599, 0, 7.143304733856898
4.762203155904599, 0, 9.524406311809198
4.762203155904599, 0, 11.9055078897615
4.762203155904599, 2.381101577952299, 0
4.762203155904599, 2.381101577952299, 2.381101577952299
4.762203155904599, 2.381101577952299, 4.762203155904599
4.762203155904599, 2.381101577952299, 7.143304733856898
4.762203155904599, 2.381101577952299, 9.524406311809198
4.762203155904599, 2.381101577952299, 11.9055078897615
4.762203155904599, 4.762203155904599, 0
4.762203155904599, 4.762203155904599, 2.381101577952299
4.762203155904599, 4.762203155904599, 4.762203155904599
4.762203155904599, 4.762203155904599, 7.143304733856898
4.762203155904599, 4.762203155904599, 9.524406311809198
4.762203155904599, 4.762203155904599, 11.9055078897615
4.762203155904599, 7.143304733856898, 0
4.762203155904599, 7.143304733856898, 2.381101577952299
4.762203155904599, 7.143304733856898, 4.762203155904599
4.762203155904599, 7.143304733856898, 7.143304733856898
4.762203155904599, 7.143304733856898, 9.524406311809198
4.762203155904599, 7.143304733856898, 11.9055078897615
4.762203155904599, 9.524406311809198, 0
4.762203155904599, 9.524406311809198, 2.381101577952299
4.762203155904599, 9.524406311809198, 4.762203155904599
4.762203155904599, 9.524406311809198, 7.143304733856898
4.762203155904599, 9.524406311809198, 9.524406311809198
4.762203155904599, 9.524406311809198, 11.9055078897615
4.762203155904599, 11.9055078897615, 0
4.762203155904599, 11.9055078897615, 2.381101577952299
4.762203155904599, 11.9055078897615, 4.762203155904599
4.762203155904599, 11.9055078897615, 7.143304733856898
4.762203155904599, 11.9055078897615, 9.524406311809198
4.762203155904599, 11.9055078897615, 11.9055078897615
7.143304733856898, 0, 0
7.143304733856898, 0, 2.381101577952299
7.143304733856898, 0, 4.762203155904599
7.143304733856898, 0, 7.143304733856898
7.143304733856898, 0, 9.524406311809198
7.143304733856898, 0, 11.9055078897615
7.143304733856898, 2.381101577952299, 0
7.143304733856898, 2.381101577952299, 2.381101577952299
7.143304733856898, 2.381101577952299, 4.762203155904599
7.143304733856898, 2.381101577952299, 7.143304733856898
7.143304733856898, 2.381101577952299, 9.524406311809198
7.143304733856898, 2.381101577952299, 11.9055078897615
7.143304733856898, 4.762203155904599, 0
7.143304733856898, 4.762203155904599, 2.381101577952299
7.143304733856898, 4.762203155904599, 4.762203155904599
7.143304733856898, 4.762203155904599, 7.143304733856898
7.143304733856898, 4.762203155904599, 9.524406311809198
7.143304733856898, 4.762203155904599, 11.9055078897615
7.143304733856898, 7.143304733856898, 0
7.143304733856898, 7.143304733856898, 2.381101577952299
[initialEnergy] = 1.937628583330835




[Final Particle Location]
5.764476436080633, 8.494876282520069, 9.136054503329124
1.506460279927803, 10.23797103308047, 8.924000684602186
1.902538849926805, 11.12072682898525, 9.953438137636258
3.92425123039831, 8.537177892651957, 4.708355546327473
3.914323598106543, 10.49529915419188, 4.445806293024591
5.418431256626933, 10.07390684544756, 9.184382556557834
4.041411774252268, 9.695645295873119, 9.076060081401868
8.206831196419351, 8.848553559206684, 1.038811371214134
5.001081338618454, 8.043455179800958, 8.904936682854284
6.58191618443556, 7.349936533416592, 2.586593629134164
5.256301433432988, 8.322961039991565, 8.962020058632838
4.076628508081952, 5.439456288441763, 3.838000943808817
3.395119698436521, 11.70128857330479, 9.78547333636576
3.36022534936677, 10.0584253249962, 8.664222561132267
6.980191265689299, 9.74631787917871, 10.74086664372164
4.334020644581886, 4.80947617851639, 0.2384430841721795
1.278397020547836, 6.165927275161225, 0.2303599008500389
2.248233202029128, 5.888614059374023, 2.832218557052416
7.447436943392939, 10.1081265463066, 11.54950139278057
2.700224134465784, 9.339715690044553, 4.407086594219826
0.1845618971551591, 9.316046156602003, 10.70922703794633
5.885188833756926, 6.645026539752738, 10.47217487472676
5.259879394089747, 5.753905218911313, 2.654352582364507
1.514909461846067, 0.356072819026221, 1.985415297553602
0.7808188110500661, 11.00748647330678, 2.368590681985296
3.128744095158178, 6.409283830974849, 9.564877564816213
6.638646525628235, 7.809416389004055, 10.06396042651681
4.169971991409534, 4.40196958761754, 11.36333711043156
6.808917842250745, 11.63361305912659, 11.84209724880853
6.932369574407288, 6.096545183144763, 11.29204169814104
7.926100471953908, 8.739593198867325, 1.658051754188748
0.4494020251787277, 11.05227211632406, 2.36107176279699
11.52156557679249, 9.642772736792812, 2.652310387535165
3.46322755118051, 11.1844928614723, 8.632709041532459
1.501739664702555, 11.64022105542953, 10.82085054685401
2.73769861214687, 7.383359003524929, 9.210156294149419
7.54283474736979, 8.968554405946543, 2.66387150188157
0.2493342665253832, 10.25883174047751, 0.3725759370124787
3.486071634798344, 9.907262579494743, 8.511206772416461
2.732552565044049, 9.095517121765537, 5.243353874070269
0.9430234622876269, 11.63902921026527, 0.8205280494040474
1.093685718762542, 10.31436479944473, 10.38720872364343
0.3942162955152878, 10.66159697373472, 2.273949467704608
7.41796936812716, 9.115116816533318, 1.956901968436736
2.957215280717805, 4.913074439816677, 1.190428974661245
2.652303447319336, 7.866436453473957, 8.643356232272161
7.134952384575714, 8.0715515651142, 10.20178843578407
6.767952765695728, 9.829519399362393, 2.996952911371809
11.65221362544792, 7.98063832520537, 0.3661616520798587
4.191259253859175, 5.303924680363352, 3.1908632177817
1.782053182731407, 6.054107255327565, 10.76878689172156
2.862088821298484, 9.348242644848415, 8.445988558440463
0.493687503269728, 6.480220715738936, 11.93838759695105
3.098328940150481, 7.536021567665051, 4.207489278264106
3.51176607958589, 7.704226700451331, 8.527630949638612
3.861669477010923, 11.28758680601026, 9.624612566840188
6.871136139552638, 7.515285884735773, 2.479664388336085
0.7369124687914329, 10.50900608604262, 10.55844664134013
5.591954639922807, 5.405199478103406, 0.1253783405410956
6.828843648931405, 11.50334642618119, 11.45430543062012
3.175598900381289, 11.59901911187871, 9.777357295983172
0.6455108209725055, 8.734727040275338, 10.33261810351751
7.144003683302553, 10.85877492598201, 11.63765247149284
7.46004228641281, 8.25196522486022, 1.766791072565499
5.466984296900678, 5.795981814058489, 0.9712380547873853
1.150450174301141, 6.043949400095245, 0.3133218159495489
3.38552001090046, 9.86665883560975, 8.983703349243712
7.635366979816633, 8.38837833534385, 1.395792565027155
4.03621563689607, 4.292586768182268, 10.31900710534258
3.342622341282024, 8.23746385063858, 8.882763676756417
3.752379322309224, 10.74602682830115, 4.417434293971134
2.267402871636396, 11.08273047724866, 4.385027224377276
5.490948845395329, 11.7180327268867, 3.065652185615921
2.17484362152165, 8.99851145641809, 4.449596930504589
4.391187811452517, 8.486778190586147, 8.919417817573724
4.398985199816052, 5.83365923437926, 3.169033193573837
4.194791002289761, 6.530219930471024, 9.088266054675106
1.265188515775459, 5.75254305347453, 10.38183696306396
2.573968409827895, 0.5996400511821919, 0.2159453966729089
4.9033943754171, 7.587932538049264, 9.315816118063319
7.299061370687122, 10.80294800307739, 0.4622675424731651
2.655871243521511, 5.810257564210453, 2.508914414098912
0.156018890513116, 7.15250756552094, 11.90423152032505
3.802070412692647, 8.733006950809157, 4.669506665630967
3.723160449286532, 10.07265569552437, 9.032655781615832
2.877844256757686, 6.403235315532998, 9.880796161424739
5.022826543554118, 9.201772815176181, 4.590727018467489
5.439651855006652, 0.5646557307637556, 1.136410888813627
6.526977977960826, 6.279654664117682, 0.7216906476401215
2.029117182842045, 9.042963946723829, 8.444495059756793
1.685656680579137, 0.3527078872326332, 1.345896358297158
1.576526273776091, 10.31262672800227, 3.560938872192492
3.691641202052888, 5.384444975007533, 1.559702704455565
6.419856579238482, 11.3696712923095, 10.0912380395882
6.653540871410417, 11.5396340990158, 2.627906470851929
1.749166791210494, 0.1669184044780761, 1.963471558859326
2.80559930335991, 5.157456661182203, 2.166204410682528
2.330895084110506, 6.41647993513219, 10.05249293244094
5.877513564134722, 7.652984404774841, 4.511173749580594
0.3672674206864402, 11.05626992651088, 0.2303229031294225
3.523861545847665, 8.181179398755161, 5.203934101948484
5.627404245374447, 9.588967607165205, 9.320760859791545
7.486966943129416, 10.10969933779431, 10.83888211047225
6.042404453289883, 10.16313559662697, 3.903769737064731
1.1678871871754, 7.84236007362714, 10.12197960266936
5.220282462062445, 8.529155528419258, 4.949775094608672
0.8298578508337298, 11.12381115142433, 10.92531654188657
2.505653132919992, 7.605204321260193, 4.626476148435136
7.11398531641531, 7.91600207235478, 11.25665138068453
5.608801164482162, 5.582123036301752, 1.946117565942052
4.062684586300834, 6.601916573290675, 4.409236675318907
3.535434148989354, 10.33303499702971, 8.942352414569982
0.6283719859218094, 7.76954292122719, 10.34435453375073
4.416116619676406, 11.60789454710106, 3.587709078373252
0.8380817271946379, 10.72662962355028, 2.415333426750886
7.624120158899632, 8.252576517058804, 1.328622133158437
2.88991280034646, 6.332031953303158, 3.530953546767567
5.434532328245478, 6.934839626278188, 9.818534082648593
2.976395505935138, 7.332681245791112, 4.127686161607357
0.7865004561778626, 10.56760892764088, 2.574511719203792
0.109748678333009, 9.24980452901209, 2.511800001613703
6.512736727722332, 6.775799931388256, 9.113496605825375
5.495603953253293, 8.332613689979825, 4.851184355491393
1.469533067880912, 8.070875106412393, 9.505332999632383
1.889147871122299, 8.425862318103137, 9.381650597500451
4.415037304356246, 5.269004805604464, 1.780806033769998
0.5525797272811549, 11.37757082254513, 0.1994342488234091
3.737648719799541, 9.039272958896715, 0.7583402566417774
[totalEnergy] = -4115790007543188
